9.330567193464455400e+00 2.060846489225571024e-02 4.525512607891547745e+00 9.464804120734823453e-03 2.072695160554937033e+01 4.543789393931643716e-02
9.742294149208216680e+00 2.045283611072578819e-02 5.138781323059119721e+00 1.078649681452859520e-02 2.368034515764012227e+01 5.334234945483894152e-02
1.144406084953652680e+01 2.418367966422096602e-02 5.641508844104156317e+00 1.141057304167198902e-02 2.713819673618170469e+01 5.958567525742183846e-02
1.374597780517553325e+01 2.926796688270963745e-02 6.580147339357061753e+00 1.340300624958131598e-02 2.991323834934632941e+01 6.126795556031289225e-02
1.527433055389330896e+01 3.202915041771108723e-02 7.979274410807004614e+00 1.592553579267196387e-02 3.409032218646496659e+01 7.140357485706531893e-02
1.958663770011745697e+01 4.011812580914830839e-02 9.432127189060050654e+00 1.837696639167379561e-02 4.460146690748059228e+01 1.002095322615426803e-01
2.443657342755136952e+01 4.931315034128656155e-02 1.220315399586727168e+01 2.377413849904495141e-02 5.616606392567358341e+01 1.149919494054362501e-01
3.233782658089886297e+01 6.463805808907158168e-02 1.656341987510475988e+01 3.333583050367296130e-02 8.180365594121049355e+01 1.667025468619365569e-01
5.656144581009235139e+01 1.124914530491527287e-01 2.273785260877980718e+01 4.497890354820398284e-02 1.161035966507881625e+02 2.356808161681018254e-01
1.129137531866444846e+02 1.930086475580771455e-01 4.719482680205200609e+01 8.200712148331788798e-02 3.020844491503131053e+02 6.522991204474168914e-01
