3.579795763562661493e-01 1.338416415014429114e-03 2.235970227575243552e-01 1.204661817046071741e-03
3.826157395924528193e-01 1.388417139285663595e-03 2.372997065813731710e-01 1.266501368748722701e-03
4.171486473416282648e-01 1.472461856163981070e-03 2.575344628353639087e-01 1.383661175042843073e-03
4.538276463812935257e-01 1.576218808608387386e-03 2.723935817724201791e-01 1.435963319141046876e-03
5.033960252968273652e-01 1.707288172840613081e-03 2.946722629034412289e-01 1.580953357563984240e-03
5.432146051270533293e-01 1.766737208666485778e-03 3.183343870516222029e-01 1.733415683601401700e-03
6.035497027871757902e-01 1.948388857272827712e-03 3.349310064168865564e-01 1.803111931936588266e-03
6.723608161448937359e-01 2.081033103659135890e-03 3.589599134400802694e-01 1.973738750712919401e-03
7.233654303315893985e-01 2.213008937292668642e-03 3.895334596729145837e-01 2.193321122620043272e-03
8.044057988658042113e-01 2.371664633936251040e-03 4.204011878908849309e-01 2.352092105326929108e-03
8.669430494456731306e-01 2.463816534525122698e-03 4.536938289735794605e-01 2.699865700067706573e-03
9.791701040017211088e-01 2.774754428619850919e-03 4.840885091629117953e-01 2.908439230391824185e-03
1.102074043802972803e+00 2.977862617273658793e-03 5.226357049357729379e-01 3.179327099269191412e-03
1.224096187703581418e+00 3.321768982415267309e-03 5.701985215698289755e-01 3.612866294347979752e-03
1.340668117838694551e+00 3.495253120979794140e-03 6.202186151906722289e-01 4.086135225020854668e-03
1.595026369178717651e+00 3.942625376540485373e-03 6.803967267860455692e-01 4.908248153703572043e-03
1.858335147931850617e+00 4.545746922387493456e-03 7.590387797348221444e-01 6.056870838504296167e-03
2.069226383300039274e+00 4.925414941732893410e-03 8.525893232887414852e-01 7.119046550852986023e-03
2.399174835635488723e+00 5.614700874578420348e-03 9.156381466132621494e-01 8.103417182117784306e-03
3.143016526265486554e+00 7.728267391355289791e-03 1.029537607893045603e+00 9.697699435464888704e-03
3.707263946869472360e+00 8.111468635400152782e-03 1.222297052640942239e+00 1.386859007045765715e-02
5.121898352917098940e+00 1.185371989093059880e-02 1.471872765013523709e+00 1.988206725101825459e-02
6.421077497909275067e+00 1.310706247023641843e-02 1.868403566707307339e+00 3.126260846410534866e-02
1.076714778127854544e+01 2.194936723933792189e-02 2.448031258072624894e+00 5.403161519019306774e-02
2.011951655168650888e+01 3.578054448258302656e-02 4.473791775367488732e+00 1.881897536973073659e-01
