1.983402127121626668e+00 2.579087908399310940e-03 4.000000000000000888e+00
2.228467058048066107e+00 2.876656030210154261e-03 4.454545454545454142e+00
2.520370064433554713e+00 3.221944610743405525e-03 5.000000000000001776e+00
2.810948937196569020e+00 3.510834895878819917e-03 5.666666666666666075e+00
3.228299503428003980e+00 4.008005650237955741e-03 6.500000000000001776e+00
3.741879635595371401e+00 4.570353910809506030e-03 7.571428571428569398e+00
4.526572506362632531e+00 5.475163319202528030e-03 9.000000000000001776e+00
5.409022630892237338e+00 6.562056751107730838e-03 1.099999999999999467e+01
6.893711205251784158e+00 8.020399712120601307e-03 1.400000000000000355e+01
9.838746416313275844e+00 1.213755488635050520e-02 1.899999999999998224e+01
