9.000445802698423536e-01 1.285359592293532170e-03 1.777777777777778345e+00
1.028397677631820883e+00 1.447371114486812422e-03 2.002502085070892335e+00
1.153156277166304422e+00 1.584977673329388773e-03 2.272727272727273373e+00
1.320608389531542803e+00 1.776569977222395430e-03 2.603603603603603212e+00
1.529297605174890107e+00 2.023997220789279690e-03 3.017857142857143682e+00
1.810751882006765623e+00 2.352983615987291888e-03 3.551201011378001482e+00
2.150676417943993446e+00 2.727264855240208591e-03 4.263157894736843367e+00
2.653560643655163975e+00 3.289663734285857340e-03 5.260869565217388910e+00
3.356659192211751019e+00 4.129357214833469757e-03 6.758620689655174374e+00
4.683152117079887766e+00 5.563558307072664737e-03 9.256410256410246618e+00
