3.893491023126323114e-01 6.358822859670365578e-04 7.455405897342557431e-01
4.402462742797658701e-01 7.015897901746619971e-04 8.546676769834719023e-01
5.049158872916080787e-01 7.720651578538226256e-04 9.865824782951857497e-01
5.870214268938244162e-01 8.709047549079551934e-04 1.148860369468630793e+00
6.877844607787593212e-01 9.827908942448139278e-04 1.352864552495086192e+00
8.189020323600724183e-01 1.132342873625498056e-03 1.616451688966125344e+00
1.010685810442086829e+00 1.357623109007428594e-03 1.969383160738406469e+00
1.259254986573055790e+00 1.640580848615807172e-03 2.465229836672838903e+00
1.638626623950968142e+00 2.054393738339329624e-03 3.211133981840409657e+00
2.205930904138085680e+00 2.697387393732791037e-03 4.457094975888364452e+00
