1.526208534779749937e-01 3.002025563596737276e-04 2.860280784012602107e-01
1.775807392253116179e-01 3.341834394709124558e-04 3.370744044835438658e-01
2.093209926753309691e-01 3.750862342288708434e-04 3.995149329393212212e-01
2.510491715598756612e-01 4.308827634121082674e-04 4.771407775124335005e-01
2.949281575807123912e-01 4.852727803237786544e-04 5.756367275035458864e-01
3.576561466853812599e-01 5.544261484092867119e-04 7.039340718609984338e-01
4.515348825329545401e-01 6.763267158563840333e-04 8.769162376828214533e-01
5.577705314184880914e-01 7.867976734884409018e-04 1.121371182341985628e+00
7.462498147131638726e-01 1.000815474033219530e-03 1.490872357259516168e+00
1.081591710413581708e+00 1.432197497488960471e-03 2.110421576524207588e+00
