9.288378311935954201e+00 1.342066975134845533e-02 4.000000000000000888e+00
1.034342004942344673e+01 1.460534967228098446e-02 4.454545454545454142e+00
1.157264574140799063e+01 1.605048068236846273e-02 5.000000000000001776e+00
1.294616692546137138e+01 1.767754550962447047e-02 5.666666666666666075e+00
1.525329690028261176e+01 2.019145981321266228e-02 6.500000000000001776e+00
1.767041186362782312e+01 2.362587604538447447e-02 7.571428571428569398e+00
2.070834350388611966e+01 2.616995170758641687e-02 9.000000000000001776e+00
2.587844554516651741e+01 3.225156667236091929e-02 1.099999999999999467e+01
3.316161673921991593e+01 4.065683584981347881e-02 1.400000000000000355e+01
4.632810642249761912e+01 5.648233004136175156e-02 1.899999999999998224e+01
