4.054786512436811208e+00 6.429289261475503066e-03 1.777777777777778345e+00
4.632538935999280127e+00 7.227221529424203081e-03 2.002502085070892335e+00
5.082813220385469677e+00 7.640198900788185317e-03 2.272727272727273373e+00
6.020817330011709601e+00 8.901687641083885771e-03 2.603603603603603212e+00
7.094103388244154651e+00 1.038866282261423531e-02 3.017857142857143682e+00
8.323477020373191593e+00 1.163729970002636005e-02 3.551201011378001482e+00
9.646707577042526793e+00 1.297120510315970775e-02 4.263157894736843367e+00
1.224283392934398407e+01 1.697935954713343520e-02 5.260869565217388910e+00
1.568850270018117854e+01 1.940970372915243325e-02 6.758620689655174374e+00
2.117797829718431757e+01 2.563993271373919344e-02 9.256410256410246618e+00
