1.671242687902690927e+00 3.101984505325863090e-03 7.455405897342557431e-01
1.915354804940279987e+00 3.365210653546251394e-03 8.546676769834719023e-01
2.239254731950487187e+00 3.791423336705193603e-03 9.865824782951857497e-01
2.562054436064289398e+00 4.120541894216479643e-03 1.148860369468630793e+00
3.046781413513332204e+00 4.776123749089959507e-03 1.352864552495086192e+00
3.709147981327996391e+00 5.502828089987573355e-03 1.616451688966125344e+00
4.465453397407654457e+00 6.411210075828895766e-03 1.969383160738406469e+00
5.690254046837916135e+00 8.023480253635284151e-03 2.465229836672838903e+00
7.693216141844129830e+00 1.066634426934973123e-02 3.211133981840409657e+00
1.027776635118924098e+01 1.325739279466584854e-02 4.457094975888364452e+00
