6.257143437828981414e-01 1.368333032099810012e-03 2.860280784012602107e-01
7.457142858791379059e-01 1.564896569897224980e-03 3.370744044835438658e-01
8.594774365214666867e-01 1.707099304267639846e-03 3.995149329393212212e-01
1.038156758391410639e+00 1.945671239168517835e-03 4.771407775124335005e-01
1.316530260589167556e+00 2.362083856487123042e-03 5.756367275035458864e-01
1.557676401917828635e+00 2.570391226902362779e-03 7.039340718609984338e-01
1.990416043665901746e+00 3.178300321377683802e-03 8.769162376828214533e-01
2.539507122599815592e+00 3.796080160568362713e-03 1.121371182341985628e+00
3.414560427569035994e+00 4.728875063463170922e-03 1.490872357259516168e+00
4.586388669009657804e+00 5.833570944975501223e-03 2.110421576524207588e+00
