4.022545238035002413e+00 5.579341669052361938e-03 4.000000000000000888e+00
4.433945813101292543e+00 6.086002570495281302e-03 4.454545454545454142e+00
5.012064487097975807e+00 6.758832641900561558e-03 5.000000000000001776e+00
5.679473274690903573e+00 7.484910798510098322e-03 5.666666666666666075e+00
6.439423122428331148e+00 8.324725575304404643e-03 6.500000000000001776e+00
7.521968081813961149e+00 9.444843258585628246e-03 7.571428571428569398e+00
9.062513706269699654e+00 1.144151862383414701e-02 9.000000000000001776e+00
1.098743621143702498e+01 1.348108905423945486e-02 1.099999999999999467e+01
1.395731783093477851e+01 1.684263373003941702e-02 1.400000000000000355e+01
1.970404735017756792e+01 2.288665866592987097e-02 1.899999999999998224e+01
