1.877905487503323645e+00 5.894852786204948271e-03 4.000000000000000888e+00
2.018390489720334635e+00 6.767705099070886639e-03 4.454545454545454142e+00
2.170135060650312919e+00 7.674540835906117422e-03 5.000000000000001776e+00
2.350768438477556899e+00 8.825017664222608443e-03 5.666666666666666075e+00
2.572719860317137286e+00 1.055320702411698466e-02 6.500000000000001776e+00
2.868437027355220881e+00 1.331724800935904333e-02 7.571428571428569398e+00
3.193010389487769274e+00 1.597870825390431196e-02 9.000000000000001776e+00
3.673571272849528224e+00 2.190714123457417409e-02 1.099999999999999467e+01
4.238818274727371715e+00 2.982218513466787513e-02 1.400000000000000355e+01
5.232565772630154655e+00 4.458387370723668197e-02 1.899999999999998224e+01
