1.785379014217743698e+00 2.723442897378183011e-03 1.777777777777778345e+00
2.025931732532524787e+00 3.015836333566223725e-03 2.002502085070892335e+00
2.283151156831169093e+00 3.335001092879547567e-03 2.272727272727273373e+00
2.614436565712429328e+00 3.718712077792643740e-03 2.603603603603603212e+00
3.069681174304218274e+00 4.273070067836277734e-03 3.017857142857143682e+00
3.540918157592615856e+00 4.728784336971528571e-03 3.551201011378001482e+00
4.141518137441600800e+00 5.322077951712417786e-03 4.263157894736843367e+00
5.307441050096961099e+00 6.804555005457906154e-03 5.260869565217388910e+00
6.850340812220663267e+00 8.656872651101155114e-03 6.758620689655174374e+00
9.566293219031273054e+00 1.172558410028947881e-02 9.256410256410246618e+00
