8.945854725916652095e-01 2.785119666604934843e-03 1.777777777777778345e+00
9.734029621915458730e-01 3.194260237440849515e-03 2.002502085070892335e+00
1.062960102984241262e+00 3.643560200433319796e-03 2.272727272727273373e+00
1.158415455078682932e+00 4.195107589233510945e-03 2.603603603603603212e+00
1.296953721463485865e+00 5.157018283259387492e-03 3.017857142857143682e+00
1.455312273410928059e+00 6.413306631408825960e-03 3.551201011378001482e+00
1.622853140217807688e+00 7.887656384107273599e-03 4.263157894736843367e+00
1.895485365367225006e+00 1.065188471943644133e-02 5.260869565217388910e+00
2.194806178106586181e+00 1.404511520852752202e-02 6.758620689655174374e+00
2.810457253455658222e+00 2.274248569643036802e-02 9.256410256410246618e+00
