7.446770551472770006e-01 1.284762917685471940e-03 7.455405897342557431e-01
8.548406227747911146e-01 1.429797435334448190e-03 8.546676769834719023e-01
9.875635503537943949e-01 1.593622544258796936e-03 9.865824782951857497e-01
1.131920816621695414e+00 1.750802185140518889e-03 1.148860369468630793e+00
1.362269018661231179e+00 2.043374124994421642e-03 1.352864552495086192e+00
1.619921412325388665e+00 2.355499096310260162e-03 1.616451688966125344e+00
1.984682669264886234e+00 2.746961253166699431e-03 1.969383160738406469e+00
2.422776422284458331e+00 3.272072365029868313e-03 2.465229836672838903e+00
3.168645705628295950e+00 4.156660282749381589e-03 3.211133981840409657e+00
4.630694721602673702e+00 5.832010366943641590e-03 4.457094975888364452e+00
