3.999620273852393382e-01 1.301921056868684395e-03 7.455405897342557431e-01
4.371060065113464566e-01 1.439903354833199037e-03 8.546676769834719023e-01
4.927269426002915398e-01 1.713690462987107121e-03 9.865824782951857497e-01
5.442333148529148179e-01 1.980909513237338795e-03 1.148860369468630793e+00
6.154756891059759427e-01 2.317657698826696908e-03 1.352864552495086192e+00
6.904503705917154344e-01 2.799365371880431237e-03 1.616451688966125344e+00
7.933655268257915338e-01 3.566383108033609195e-03 1.969383160738406469e+00
9.493762482776965106e-01 5.361300481253112281e-03 2.465229836672838903e+00
1.117396344824910459e+00 6.869338222515495619e-03 3.211133981840409657e+00
1.374190079838275347e+00 1.010110962398531875e-02 4.457094975888364452e+00
