1.618009321951778268e-01 5.820449209812170567e-04 2.860280784012602107e-01
1.872446589791365024e-01 6.841695839482161588e-04 3.370744044835438658e-01
2.109783925964855700e-01 7.567870167972414169e-04 3.995149329393212212e-01
2.434196549752022376e-01 8.921753974824319939e-04 4.771407775124335005e-01
2.774589988808819907e-01 1.061602756661220908e-03 5.756367275035458864e-01
3.221644161774607773e-01 1.288102985795730373e-03 7.039340718609984338e-01
3.824149621573430524e-01 1.745435520897445879e-03 8.769162376828214533e-01
4.542121199070381365e-01 2.144868294656967524e-03 1.121371182341985628e+00
5.519161228376195938e-01 2.999822786220860196e-03 1.490872357259516168e+00
7.082434298268504014e-01 4.789013904058783515e-03 2.110421576524207588e+00
