2.840159192014793943e-01 5.908768982678123992e-04 2.860280784012602107e-01
3.350809829074675172e-01 6.591749819676255952e-04 3.370744044835438658e-01
4.009123506595281827e-01 7.548568842951017006e-04 3.995149329393212212e-01
4.715462025082672315e-01 8.465139870217927662e-04 4.771407775124335005e-01
5.667041849440993539e-01 9.719208778544806545e-04 5.756367275035458864e-01
7.009212794873216357e-01 1.131463642682310452e-03 7.039340718609984338e-01
8.666469756270305247e-01 1.321211885435066933e-03 8.769162376828214533e-01
1.105144708553027266e+00 1.642191963061815719e-03 1.121371182341985628e+00
1.504528412012363869e+00 2.072273039441578819e-03 1.490872357259516168e+00
1.999478504949159241e+00 2.675955531328342261e-03 2.110421576524207588e+00
