3.575557803155861580e-01 1.357377485909938043e-03 3.572119318604477511e-01
3.844838303183414907e-01 1.393758280796800241e-03 3.886440925141536051e-01
4.137834628176295104e-01 1.476935408189834547e-03 4.231725655825458454e-01
4.661294661439212561e-01 1.598871772974255973e-03 4.612185367054900675e-01
5.091673061143181522e-01 1.698990341644569021e-03 5.032840437536283407e-01
5.498770832037837009e-01 1.795892863762682144e-03 5.499723747645500760e-01
6.140313683087148533e-01 1.965014069074158022e-03 6.020149656109785585e-01
6.461979867444052061e-01 2.016048289340543163e-03 6.603073495627163059e-01
7.296688022367879833e-01 2.208015674679090611e-03 7.259579242251443798e-01
7.933881317436545233e-01 2.333336257569279364e-03 8.003552045857137420e-01
8.836249745766124875e-01 2.566861100839279777e-03 8.852622893761799006e-01
9.809584609579651282e-01 2.727044161949464338e-03 9.829523171137360960e-01
1.097193528469698753e+00 2.958566385035027013e-03 1.096407279892205766e+00
1.235864622829963233e+00 3.268402561989657614e-03 1.229617692416173691e+00
1.399489344548249692e+00 3.575498837810389078e-03 1.388048318922231239e+00
1.566582991113033785e+00 3.929209836851449596e-03 1.579388237868780465e+00
1.865073248492812530e+00 4.810073171718727558e-03 1.814810715415324127e+00
2.077674643418467415e+00 4.888691639932682062e-03 2.111198796051680926e+00
2.505415258158488090e+00 5.722213389386046276e-03 2.495326714388525158e+00
2.956294085972431596e+00 6.587881072168557013e-03 3.012346428155669109e+00
3.713011016591239777e+00 8.265455234254332623e-03 3.744821698240850427e+00
4.818502629082566990e+00 1.025745650412047093e-02 4.861599373966996929e+00
6.697641815302534773e+00 1.353512855977539661e-02 6.770383160114506360e+00
9.836925679549805679e+00 1.961303842296546057e-02 1.077120993745765709e+01
2.250053656304125482e+01 4.320351087266571105e-02 2.444762940232854476e+01
