7.213570606775677740e-01 9.083878076363747014e-03 6.996255452517937679e-01 8.756272260288187545e-03 7.065480253722599135e-01 8.619731070207378373e-03
7.652318510912320404e-01 9.344932928881808515e-03 7.766871880487975499e-01 9.357615833448598014e-03 7.692888059660769606e-01 9.547536633376178458e-03
8.230001602691490170e-01 1.016842973712467173e-02 8.187961201452290672e-01 1.016914628695817120e-02 8.250414667693769522e-01 1.030263165253590858e-02
8.785882318086770670e-01 1.050946419920114998e-02 8.986198592453005229e-01 1.078601622361793390e-02 8.966851209089069519e-01 1.071082649423575790e-02
9.690188483794045515e-01 1.198667874515904445e-02 9.643471619981535126e-01 1.202926653702873598e-02 9.532784309516605381e-01 1.145132882794125395e-02
1.058997188897239150e+00 1.350003869316798027e-02 1.034882715069890935e+00 1.281715468831271312e-02 1.055176420690306482e+00 1.337552608750781739e-02
1.147280785921538371e+00 1.446258917088808459e-02 1.136997219256727476e+00 1.491093425973684904e-02 1.122475108641926678e+00 1.397461703412829041e-02
1.258653655693088069e+00 1.713610075916134623e-02 1.210712236486007898e+00 1.646118041268566229e-02 1.225878051428215043e+00 1.582055754860288432e-02
1.372257187473574058e+00 1.934228847331489337e-02 1.355351617345202042e+00 1.804460710974042925e-02 1.364466239907594192e+00 1.946260569622239311e-02
1.480491963940422817e+00 2.165831791291069133e-02 1.456392955761085295e+00 2.088177852024767495e-02 1.454450856522206958e+00 1.988391823408084541e-02
1.643220501487999252e+00 2.879630973600074556e-02 1.623111842253354808e+00 2.520756593964752421e-02 1.586401507641649555e+00 2.466848970325598994e-02
1.746840516397837106e+00 2.791451463615833919e-02 1.775704742524893964e+00 2.855989022123749804e-02 1.768420305321028563e+00 3.118424662359500429e-02
1.989821218836393291e+00 3.735875101759534439e-02 1.967269842147472581e+00 3.432107102389467257e-02 1.946710871294277556e+00 3.544753462992636384e-02
2.293200126074100176e+00 4.868841385946702516e-02 2.185431847110763659e+00 4.028812869496646576e-02 2.134095262650963942e+00 3.804487759065629943e-02
2.563059659296842874e+00 5.697553079909505047e-02 2.396119212804708631e+00 5.078958970767559478e-02 2.557566110169107176e+00 5.911046923516963258e-02
2.993047799697788225e+00 7.880630827632674473e-02 2.938141584347754076e+00 7.802649747259003676e-02 3.038895779397817076e+00 8.577127133181108865e-02
3.625703136234197377e+00 1.186693088870184737e-01 3.404495479674225056e+00 1.017188701399016348e-01 3.585418474690984070e+00 9.705624334482663984e-02
4.624469890263441130e+00 1.924600527362642921e-01 4.690566926760672217e+00 1.756285475327444001e-01 4.203935811448809901e+00 1.562108224122779609e-01
6.265010398400860936e+00 2.954017958733323179e-01 5.516612868730295105e+00 2.429867877457444481e-01 7.510017957345332285e+00 4.729544758930664394e-01
1.137063397845806989e+01 8.977679486657860197e-01 1.173368847312118213e+01 1.083683573491040164e+00 1.254127576669124444e+01 9.963660733783842316e-01
